4784382488271889
4784382488271897
4784382488271905
4784382488271913
4784382488271921
4784382488271939
4784382488271947
4784382488271954
4784382488271962
4784382488271970
4784382488271988
4784382488271996
4784382488272002
4784382488272010
4784382488272028
4784382488272036
4784382488272044
4784382488272051
4784382488272069
4784382488272077
4784382488272085
4784382488272093
4784382488272101
4784382488272119
4784382488272127
4784382488272135
4784382488272143
4784382488272150
4784382488272168
4784382488272176
4784382488272184
4784382488272192
4784382488272200
4784382488272218
4784382488272226
4784382488272234
4784382488272242
4784382488272259
4784382488272267
4784382488272275
4784382488272283
4784382488272291
4784382488272309
4784382488272317
4784382488272325
4784382488272333
4784382488272341
4784382488272358
4784382488272366
4784382488272374
4784382488272382
4784382488272390
4784382488272408
4784382488272416
4784382488272424
4784382488272432
4784382488272440
4784382488272457
4784382488272465
4784382488272473
4784382488272481
4784382488272499
4784382488272507
4784382488272515
4784382488272523
4784382488272531
4784382488272549
4784382488272556
4784382488272564
4784382488272572
4784382488272580
4784382488272598
4784382488272606
4784382488272614
4784382488272622
4784382488272630
4784382488272648
4784382488272655
4784382488272663
4784382488272671
4784382488272689
4784382488272697
4784382488272705
4784382488272713
4784382488272721
4784382488272739
4784382488272747
4784382488272754
4784382488272762
4784382488272770
4784382488272788
4784382488272796
4784382488272804
4784382488272812
4784382488272820
4784382488272838
4784382488272846
4784382488272853
4784382488272861
4784382488272879
